average = 0.15532641708309047
0.0014440587869370691
0.0017425987524688673
0.1214093763861581
0.010738513797544383
0.00046142051473821444
0.4969182107593982
0.02196031426574785
0.0004159032105763849
0.9214246380704947
0.032979518105623384
0.12282353655173406
0.006981104963795781
1.5418745810846148
0.4556291071557661
0.032380653182239705
0.0004096557374557719
0.0003886820776952682
0.011615391274779174
0.0037484838721484337
0.011334701232447841
0.007389421957011866
0.2811528015900713
0.09722005296072211
0.08645788801493648
0.021922383178946347
0.06220028863325755
0.025040764762110257
0.24783591993595522
0.09482503951526677
0.2171282508057013
0.33988306515311173
0.1629965737072414
0.001222273491167769
0.0038863745288741924
0.01812525826607647
0.0015292921702210194
0.008183297291362912
0.006220698235445354
0.0017296575581484674
0.0017876698085510512
0.9202117357890067
0.04243908490583692
0.03278004521385469
0.04094727757433869
0.18004101912351533
0.020652807391296157
0.008408206323692546
0.9290153179115945
0.010519852238336291
0.0978880863365088
