average = 0.08021535039845501
0.006080130090240665
0.013559694159416047
0.06955668823234884
0.019726396377179434
0.0025195166597793417
0.29378653098345087
0.03227355364303541
0.0029666572359570154
0.16872282907002756
0.07249300059886465
0.1386327672825196
0.013100504885077413
0.08520393091008671
0.0799007187271581
0.01890217617338763
0.0025819913909828074
0.0027386244670672966
0.024415571202005992
0.007928489637674119
0.01779503468686272
0.004910067624432912
0.040305126587194096
0.005084996871801195
0.005938223200793402
0.011032145034196361
0.14596640822952978
0.03533347672771647
0.025653909624052673
0.10522975974895843
0.027372857228282754
0.41722722862984973
0.010431941366572772
0.008642486565701546
0.006948528853955693
0.009352467261008357
0.004319235166491353
0.014377666890087681
0.0053219546022909014
0.005192096411006375
0.008161431135443209
0.1677491157594293
0.19169032525237562
0.07375409767299601
0.5695125096724265
0.11472056391477281
0.04818095895142349
0.4234568518268951
0.3136985665619161
0.09104397953327847
0.04727373660474932
