850002400720000009004000000000107002305000900040000000000080070017000000000036040
005300000800000020070010500400005300010070006003200080060500009004000030000009700
120040000005069010009000500000000070700052090030000002090600050400900801003000904
000570030100000020700023400000080004007004000490000605042000300000700900001800000
700152300000000920000300000100004708000000060000000000009000506040907000800006010
100007090030020008009600500005300900010080002600004000300000010040000007007000300
100034080000800500004060021018000000300102006000000810520070900006009000090640002
000920000006803000190070006230040100001000700008030029700080091000507200000064000
060504030100090008000000000900050006040602070700040005000000000400080001050203040
700000400020070080003008079900500300060020090001097006000300900030040060009001035
000070020800000006010205000905400008000000000300008501000302080400000009070060000
